=== 与弱标签预测不一致 ===
共 204 条

1	score=31.7	pred=[0, 0, 0, 0, 0, 0]	gold=[0, 1, 1, 0, 0, 0]	喝红糖水补血补铁
4	score=45.0	pred=[0, 1, 0, 0, 0, 0]	gold=[0, 1, 1, 0, 0, 0]	肉是残渣，汤才是精华
5	score=20.1	pred=[0, 0, 0, 0, 0, 0]	gold=[0, 1, 1, 0, 0, 0]	多吃甜食可以预防抑郁
6	score=53.2	pred=[0, 0, 1, 0, 0, 0]	gold=[0, 1, 1, 0, 0, 0]	蜂王浆中含有大量雌激素，吃了会得乳腺癌
7	score=63.4	pred=[0, 1, 0, 0, 0, 0]	gold=[0, 1, 1, 0, 0, 0]	饮料能代替水
9	score=33.5	pred=[0, 0, 0, 0, 0, 0]	gold=[0, 1, 1, 0, 0, 0]	常喝果汁能补充维生素
10	score=60.2	pred=[0, 1, 0, 0, 0, 0]	gold=[0, 1, 1, 0, 0, 0]	蚊子喜欢O型血
11	score=51.3	pred=[0, 0, 1, 0, 0, 0]	gold=[0, 1, 1, 0, 0, 0]	瘦肉不含大量脂肪
12	score=62.7	pred=[0, 1, 0, 0, 0, 0]	gold=[0, 1, 1, 0, 0, 0]	左侧睡压心脏？
13	score=61.5	pred=[0, 1, 0, 0, 0, 0]	gold=[0, 1, 1, 0, 0, 0]	维生素C防感冒
15	score=72.7	pred=[0, 0, 1, 0, 0, 0]	gold=[0, 1, 1, 0, 0, 0]	炒西葫芦致癌
16	score=63.8	pred=[0, 1, 0, 0, 0, 0]	gold=[0, 1, 1, 0, 0, 0]	一天必须喝8杯水
17	score=17.0	pred=[0, 0, 0, 0, 0, 0]	gold=[0, 1, 1, 0, 0, 0]	经常喝咖啡会导致贫血？
19	score=52.6	pred=[0, 0, 1, 0, 0, 0]	gold=[0, 1, 1, 0, 0, 0]	银手镯会导致孩子铅中毒！
20	score=37.6	pred=[0, 0, 0, 0, 0, 0]	gold=[0, 1, 1, 0, 0, 0]	不吃晚饭瘦得快
21	score=26.5	pred=[0, 0, 0, 0, 0, 0]	gold=[0, 1, 1, 0, 0, 0]	睡前喝牛奶有助于睡眠 / 吃核桃能补脑
23	score=64.9	pred=[0, 1, 0, 0, 0, 0]	gold=[0, 1, 1, 0, 0, 0]	0蔗糖是无糖的
24	score=22.6	pred=[0, 0, 0, 0, 0, 0]	gold=[0, 1, 1, 0, 0, 0]	有人因食用泡发木耳导致中毒甚至死亡，说明木耳可能有毒
25	score=28.9	pred=[0, 0, 0, 0, 0, 0]	gold=[0, 1, 1, 0, 0, 0]	痛经喝红糖水
27	score=15.5	pred=[0, 0, 0, 0, 0, 0]	gold=[0, 1, 1, 0, 0, 0]	用盐水漱口能预防疾病 / 出汗越多越健康
28	score=61.2	pred=[0, 1, 0, 0, 0, 0]	gold=[0, 1, 1, 0, 0, 0]	被催熟的西红柿使人老得快
32	score=42.0	pred=[0, 0, 1, 0, 0, 0]	gold=[0, 1, 1, 0, 0, 0]	吃蛋黄会胆固醇超标
33	score=59.0	pred=[0, 0, 1, 0, 0, 0]	gold=[0, 1, 1, 0, 0, 0]	喝酸奶能防癌
34	score=71.5	pred=[0, 0, 1, 0, 0, 0]	gold=[0, 1, 1, 0, 0, 0]	"酸性体质致癌"
35	score=12.8	pred=[0, 0, 0, 0, 0, 0]	gold=[0, 1, 1, 0, 0, 0]	听说酸性体质易患癌，多吃碱性食物能调节体质？
36	score=25.3	pred=[0, 0, 0, 0, 0, 0]	gold=[0, 1, 1, 0, 0, 0]	长期只吃一种油，更健康
37	score=44.2	pred=[0, 0, 1, 0, 0, 0]	gold=[0, 1, 1, 0, 0, 0]	蜂蜜通便养胃
39	score=30.1	pred=[0, 0, 0, 0, 0, 0]	gold=[0, 1, 1, 0, 0, 0]	减肥必须戒油戒盐
40	score=10.6	pred=[0, 0, 0, 0, 0, 0]	gold=[0, 1, 1, 0, 0, 0]	含水量高、保质期又长的食品不要买，全是靠防腐剂
41	score=18.2	pred=[0, 0, 0, 0, 0, 0]	gold=[0, 1, 1, 0, 0, 0]	素食主义很健康？戒掉所有肉类食物，只吃素。长时间坚持素食主义，觉得这样更健康。
42	score=63.3	pred=[0, 1, 0, 0, 0, 0]	gold=[0, 1, 1, 0, 0, 0]	烫伤涂牙膏
43	score=55.9	pred=[0, 1, 0, 0, 0, 0]	gold=[0, 1, 1, 0, 0, 0]	"笔直的黄瓜是打了药的，不能吃！"
46	score=51.4	pred=[0, 0, 1, 0, 0, 0]	gold=[0, 1, 1, 0, 0, 0]	罐頭食品添加防腐劑不能吃
48	score=69.1	pred=[0, 0, 1, 0, 0, 0]	gold=[0, 1, 1, 0, 0, 0]	食用香椿会致癌
49	score=48.8	pred=[0, 1, 0, 0, 0, 0]	gold=[0, 1, 1, 0, 0, 0]	大白菜长了黑点就不能吃了
50	score=28.9	pred=[0, 0, 0, 0, 0, 0]	gold=[0, 1, 1, 0, 0, 0]	吃無糖食品降糖
52	score=28.9	pred=[0, 0, 0, 0, 0, 0]	gold=[0, 1, 1, 0, 0, 0]	鸡、鸭、鱼肉中才有优质蛋白
54	score=70.5	pred=[0, 1, 0, 0, 0, 0]	gold=[0, 1, 1, 0, 0, 0]	黄瓜+番茄=破坏维生素C？
56	score=24.5	pred=[0, 0, 0, 0, 0, 0]	gold=[0, 1, 1, 0, 0, 0]	大米越精细营养越少！
57	score=46.0	pred=[0, 1, 0, 0, 0, 0]	gold=[0, 1, 1, 0, 0, 0]	果脯蜜饯是健康零食
58	score=10.8	pred=[0, 0, 0, 0, 0, 0]	gold=[0, 1, 1, 0, 0, 0]	猪油健康要多吃
60	score=72.5	pred=[0, 0, 1, 0, 0, 0]	gold=[0, 1, 1, 0, 0, 0]	"碱性食物抗癌"
62	score=49.3	pred=[0, 1, 0, 0, 0, 0]	gold=[0, 1, 1, 0, 0, 0]	只吃水果可以排毒
63	score=28.1	pred=[0, 0, 0, 0, 0, 0]	gold=[0, 1, 1, 0, 0, 0]	又白又宣的大包子是明矾做出来的，长期摄入会影响骨骼和神经
64	score=44.5	pred=[0, 0, 1, 0, 0, 0]	gold=[0, 1, 1, 0, 0, 0]	有水垢的水，喝了会得肾结石
65	score=71.7	pred=[0, 0, 1, 0, 0, 0]	gold=[0, 1, 1, 0, 0, 0]	電子設備輻射會致癌
66	score=49.6	pred=[0, 0, 1, 0, 0, 0]	gold=[0, 1, 1, 0, 0, 0]	吃何首烏治脫髮
67	score=27.4	pred=[0, 0, 0, 0, 0, 0]	gold=[0, 1, 1, 0, 0, 0]	味精是化工产品，对人体有害？
68	score=71.3	pred=[0, 0, 1, 0, 0, 0]	gold=[0, 1, 1, 0, 0, 0]	吃剩飯剩菜會致癌
69	score=51.3	pred=[0, 0, 1, 0, 0, 0]	gold=[0, 1, 1, 0, 0, 0]	四季豆有毒
70	score=59.6	pred=[0, 1, 0, 0, 0, 0]	gold=[0, 1, 1, 0, 0, 0]	蔬菜吃不够，维生素来凑
72	score=55.3	pred=[0, 1, 0, 0, 0, 0]	gold=[0, 1, 1, 0, 0, 0]	洗澡可以減肥
73	score=23.2	pred=[0, 0, 0, 0, 0, 0]	gold=[0, 1, 1, 0, 0, 0]	看綠色對眼睛好
74	score=39.2	pred=[0, 0, 0, 0, 0, 0]	gold=[0, 1, 1, 0, 0, 0]	"宿便"和"酸性体质"是健康杀手
75	score=19.7	pred=[0, 0, 0, 0, 0, 0]	gold=[0, 1, 1, 0, 0, 0]	左侧睡压心脏？心脏在左边，所以不能左侧睡！
76	score=46.5	pred=[0, 1, 0, 0, 0, 0]	gold=[0, 1, 1, 0, 0, 0]	咳嗽就吃止咳药
79	score=63.8	pred=[0, 1, 0, 0, 0, 0]	gold=[0, 1, 1, 0, 0, 0]	曬背補陽可以免疫直線飆升
80	score=27.2	pred=[0, 0, 0, 0, 0, 0]	gold=[0, 1, 1, 0, 0, 0]	生病多喝白粥
81	score=38.4	pred=[0, 0, 0, 0, 0, 0]	gold=[0, 1, 1, 0, 0, 0]	葡萄颜色越深抗氧化物质越多！
82	score=66.8	pred=[0, 1, 0, 0, 0, 0]	gold=[0, 1, 1, 0, 0, 0]	除甲醛要用甲醛仪器
84	score=42.1	pred=[0, 0, 1, 0, 0, 0]	gold=[0, 1, 1, 0, 0, 0]	吃芹菜能降血压
85	score=68.9	pred=[0, 1, 0, 0, 0, 0]	gold=[0, 1, 1, 0, 0, 0]	白头发拔一根长10根
86	score=32.4	pred=[0, 0, 0, 0, 0, 0]	gold=[0, 1, 1, 0, 0, 0]	喝粥养胃
87	score=38.4	pred=[0, 0, 0, 0, 0, 0]	gold=[0, 1, 1, 0, 0, 0]	多掏耳朵更干净
88	score=26.6	pred=[0, 0, 0, 0, 0, 0]	gold=[0, 1, 1, 0, 0, 0]	維生素B對身體好處多多，可以堅持每天吃
89	score=46.5	pred=[0, 0, 1, 0, 0, 0]	gold=[0, 1, 1, 0, 0, 0]	吃黑芝麻能让白发变黑
90	score=45.7	pred=[0, 1, 0, 0, 0, 0]	gold=[0, 1, 1, 0, 0, 0]	吃辣椒可以減肥
91	score=55.2	pred=[0, 0, 1, 0, 0, 0]	gold=[0, 1, 1, 0, 0, 0]	苦瓜能降血糖
92	score=69.6	pred=[0, 1, 0, 0, 0, 0]	gold=[0, 1, 1, 0, 0, 0]	早上金苹果，中午银苹果，晚上毒苹果
93	score=58.7	pred=[0, 1, 0, 0, 0, 0]	gold=[0, 1, 1, 0, 0, 0]	每天需喝8杯水
94	score=78.3	pred=[0, 1, 1, 0, 0, 1]	gold=[0, 1, 1, 0, 0, 0]	脑机接口等同于"控脑"
96	score=26.2	pred=[0, 0, 0, 0, 0, 0]	gold=[0, 1, 1, 0, 0, 0]	电子烟无害且助戒烟
97	score=34.8	pred=[0, 0, 0, 0, 0, 0]	gold=[0, 1, 1, 0, 0, 0]	胖人不怕冷
98	score=52.9	pred=[0, 1, 0, 0, 0, 0]	gold=[0, 1, 1, 0, 0, 0]	面包冷冻后再加热热量会减少！
100	score=34.8	pred=[0, 0, 0, 0, 0, 0]	gold=[0, 1, 1, 0, 0, 0]	指甲长倒刺是缺维生素
103	score=40.3	pred=[0, 0, 0, 0, 0, 0]	gold=[0, 1, 1, 0, 0, 0]	吃酱油会变黑
104	score=58.2	pred=[0, 1, 0, 0, 0, 0]	gold=[0, 1, 1, 0, 0, 0]	食物放凉再放冰箱
105	score=12.8	pred=[0, 0, 0, 0, 0, 0]	gold=[0, 1, 1, 0, 0, 0]	晚上吃水果易患糖尿病
108	score=39.1	pred=[0, 0, 0, 0, 0, 0]	gold=[0, 1, 1, 0, 0, 0]	喝電解質水能預防流感
109	score=31.3	pred=[0, 0, 0, 0, 0, 0]	gold=[0, 1, 1, 0, 0, 0]	减肥少吃肉
111	score=30.2	pred=[0, 0, 0, 0, 0, 0]	gold=[0, 1, 1, 0, 0, 0]	指甲半月板和身体气血足有关？
112	score=24.3	pred=[0, 0, 0, 0, 0, 0]	gold=[0, 1, 1, 0, 0, 0]	鱼肉比猪肉更健康
113	score=23.8	pred=[0, 0, 0, 0, 0, 0]	gold=[0, 1, 1, 0, 0, 0]	吃皮蛋前加热一下可以防止中毒！
114	score=54.1	pred=[0, 1, 0, 0, 0, 0]	gold=[0, 1, 1, 0, 0, 0]	绿得发黑的菠菜不能吃吗？
116	score=44.8	pred=[0, 1, 0, 0, 0, 0]	gold=[0, 1, 1, 0, 0, 0]	左撇子更聰明、更有創造力
117	score=73.2	pred=[0, 0, 1, 0, 0, 0]	gold=[0, 1, 1, 0, 0, 0]	方便麵致癌不能吃
119	score=63.2	pred=[0, 1, 0, 0, 0, 0]	gold=[0, 1, 1, 0, 0, 0]	8.每天步行1万步？每天坚持走上万步来锻炼身体，即使身体不适/膝盖疼，也必须刷新步数。
121	score=72.1	pred=[0, 0, 1, 0, 0, 0]	gold=[0, 1, 1, 0, 0, 0]	"吃方便面会致癌。"
122	score=43.6	pred=[0, 0, 1, 0, 0, 0]	gold=[0, 1, 1, 0, 0, 0]	滚鸡蛋祛风散寒
124	score=59.7	pred=[0, 1, 0, 0, 0, 0]	gold=[0, 1, 1, 0, 0, 0]	喝果汁可以補維生素C
125	score=36.9	pred=[0, 0, 0, 0, 0, 0]	gold=[0, 1, 1, 0, 0, 0]	喝白粥養胃
126	score=73.8	pred=[0, 0, 1, 0, 0, 0]	gold=[0, 1, 1, 0, 0, 0]	隔夜水致癌不能喝
127	score=72.7	pred=[0, 0, 1, 0, 0, 0]	gold=[0, 1, 1, 0, 0, 0]	威化餅乾含致癌物
128	score=38.2	pred=[0, 0, 0, 0, 0, 0]	gold=[0, 1, 1, 0, 0, 0]	吃素就能远离高血脂
129	score=41.3	pred=[0, 0, 1, 0, 0, 0]	gold=[0, 1, 1, 0, 0, 0]	仙人掌防辐射
130	score=40.2	pred=[0, 1, 0, 0, 0, 0]	gold=[0, 1, 1, 0, 0, 0]	速冻水饺是垃圾食品，没营养
131	score=75.1	pred=[0, 0, 1, 0, 0, 0]	gold=[0, 1, 1, 0, 0, 0]	大量"激素蛋"流入市场，长期吃致癌？
135	score=43.7	pred=[0, 1, 0, 0, 0, 0]	gold=[0, 1, 1, 0, 0, 0]	只有剧烈运动才有效
136	score=67.6	pred=[0, 0, 1, 0, 0, 0]	gold=[0, 1, 1, 0, 0, 0]	酸菜腌制过程中会产生大量亚硝酸盐，吃了会致癌
137	score=50.1	pred=[0, 1, 0, 0, 0, 0]	gold=[0, 1, 1, 0, 0, 0]	反复烧水有毒
138	score=37.3	pred=[0, 0, 0, 0, 0, 0]	gold=[0, 1, 1, 0, 0, 0]	没有咸味的食物就不含"盐"
139	score=28.1	pred=[0, 0, 0, 0, 0, 0]	gold=[0, 1, 1, 0, 0, 0]	早上空腹喝淡盐水排毒
141	score=51.1	pred=[0, 0, 1, 0, 0, 0]	gold=[0, 1, 1, 0, 0, 0]	红酒养血管
142	score=21.5	pred=[0, 0, 0, 0, 0, 0]	gold=[0, 1, 1, 0, 0, 0]	素食能长寿 / 吃保健品能包治百病
143	score=24.7	pred=[0, 0, 0, 0, 0, 0]	gold=[0, 1, 1, 0, 0, 0]	過度追求睡夠八小時，反而增加死亡風險
144	score=50.9	pred=[0, 1, 0, 0, 0, 0]	gold=[0, 1, 1, 0, 0, 0]	肚子里长西瓜
145	score=25.6	pred=[0, 0, 0, 0, 0, 0]	gold=[0, 1, 1, 0, 0, 0]	粗粮吃得越多越好
146	score=51.8	pred=[0, 1, 0, 0, 0, 0]	gold=[0, 1, 1, 0, 0, 0]	鼻子出血了要马上仰头止血
147	score=65.2	pred=[0, 0, 1, 0, 0, 0]	gold=[0, 1, 1, 0, 0, 0]	自来水里的氯加热会致癌？开盖煮水才安全？
148	score=35.3	pred=[0, 0, 0, 0, 0, 0]	gold=[0, 1, 1, 0, 0, 0]	不戴眼镜，近视会得到改善
149	score=34.8	pred=[0, 0, 0, 0, 0, 0]	gold=[0, 1, 1, 0, 0, 0]	多吃猪蹄，能补满脸的胶原蛋白
150	score=42.2	pred=[0, 1, 0, 0, 0, 0]	gold=[0, 1, 1, 0, 0, 0]	胡萝卜能改善视力
151	score=53.3	pred=[0, 0, 1, 0, 0, 0]	gold=[0, 1, 1, 0, 0, 0]	水果越酸维生素C含量
152	score=8.6	pred=[0, 0, 0, 0, 0, 0]	gold=[0, 1, 1, 0, 0, 0]	中藥沒有副作用，長期吃也沒事
154	score=40.6	pred=[0, 1, 0, 0, 0, 0]	gold=[0, 1, 1, 0, 0, 0]	貼身衣物穿黑色，更容易得癌
155	score=49.1	pred=[0, 1, 0, 0, 0, 0]	gold=[0, 1, 1, 0, 0, 0]	漢堡熱量高、沒營養
156	score=36.4	pred=[0, 0, 0, 0, 0, 0]	gold=[0, 1, 1, 0, 0, 0]	一日三餐只吃粗粮
157	score=29.6	pred=[0, 0, 0, 0, 0, 0]	gold=[0, 1, 1, 0, 0, 0]	水果比蔬菜营养好
158	score=42.0	pred=[0, 1, 0, 0, 0, 0]	gold=[0, 1, 1, 0, 0, 0]	在户外头发竖立起来是遭雷击的征兆！
159	score=43.6	pred=[0, 1, 0, 0, 0, 0]	gold=[0, 1, 1, 0, 0, 0]	眼药水滴越多越好
160	score=11.3	pred=[0, 0, 0, 0, 0, 0]	gold=[0, 1, 1, 0, 0, 0]	坐车时看手机会导致近视！
161	score=22.7	pred=[0, 0, 0, 0, 0, 0]	gold=[0, 1, 1, 0, 0, 0]	鲜榨果汁很健康
164	score=59.9	pred=[1, 0, 0, 0, 0, 0]	gold=[0, 1, 1, 0, 0, 0]	纯天然的食品一定对人无害
165	score=51.0	pred=[0, 1, 0, 0, 0, 0]	gold=[0, 1, 1, 0, 0, 0]	发烧了，捂汗就能好
166	score=51.1	pred=[0, 1, 0, 0, 0, 0]	gold=[0, 1, 1, 0, 0, 0]	汗蒸泡脚祛湿
170	score=62.0	pred=[0, 1, 0, 0, 0, 0]	gold=[0, 1, 1, 0, 0, 0]	异物卡喉拍背
171	score=15.4	pred=[0, 0, 0, 0, 0, 0]	gold=[0, 1, 1, 0, 0, 0]	多吃鸭蛋可以降血压
172	score=42.6	pred=[0, 1, 0, 0, 0, 0]	gold=[0, 1, 1, 0, 0, 0]	高温比紫外线更伤皮肤
174	score=47.6	pred=[0, 1, 0, 0, 0, 0]	gold=[0, 1, 1, 0, 0, 0]	蔬果代替正餐
175	score=14.9	pred=[0, 0, 0, 0, 0, 0]	gold=[0, 1, 1, 0, 0, 0]	膳食纤维是无营养物质，吃多吃少无所谓？
176	score=38.8	pred=[0, 0, 0, 0, 0, 0]	gold=[0, 1, 1, 0, 0, 0]	车厘子核仁吃了会中毒？
177	score=31.1	pred=[0, 0, 0, 0, 0, 0]	gold=[0, 1, 1, 0, 0, 0]	速凍食品防腐劑多又沒營養
183	score=39.7	pred=[0, 0, 0, 0, 0, 0]	gold=[0, 1, 1, 0, 0, 0]	喝浓茶解酒
184	score=52.0	pred=[0, 1, 0, 0, 0, 0]	gold=[0, 1, 1, 0, 0, 0]	汗流的越多越好
185	score=22.0	pred=[0, 0, 0, 0, 0, 0]	gold=[0, 1, 1, 0, 0, 0]	脂肪肝都是由肥胖引起的
186	score=44.4	pred=[0, 1, 0, 0, 0, 0]	gold=[0, 1, 1, 0, 0, 0]	海水魚比淺水魚更有營養
187	score=50.9	pred=[0, 1, 0, 0, 0, 0]	gold=[0, 1, 1, 0, 0, 0]	吃什么补什么
188	score=31.7	pred=[0, 0, 0, 0, 0, 0]	gold=[0, 1, 1, 0, 0, 0]	"零添加"食品就是健康的食品
189	score=41.5	pred=[0, 1, 0, 0, 0, 0]	gold=[0, 1, 1, 0, 0, 0]	退烧药感冒药混吃好得快
190	score=10.1	pred=[0, 0, 0, 0, 0, 0]	gold=[0, 1, 1, 0, 0, 0]	饭后喝酸奶有助于消化
191	score=14.9	pred=[0, 0, 0, 0, 0, 0]	gold=[0, 1, 1, 0, 0, 0]	吃素就能远离高血脂？吃素食可以避免摄入脂肪，从而远离高血脂。
192	score=47.5	pred=[0, 0, 1, 0, 0, 0]	gold=[0, 1, 1, 0, 0, 0]	吃蒲公英治甲状腺瘤
193	score=42.9	pred=[0, 0, 1, 0, 0, 0]	gold=[0, 1, 1, 0, 0, 0]	水果当饭吃能减肥
194	score=48.0	pred=[0, 1, 0, 0, 0, 0]	gold=[0, 1, 1, 0, 0, 0]	捏虎口止痛
196	score=50.8	pred=[0, 1, 0, 0, 0, 0]	gold=[0, 1, 1, 0, 0, 0]	有氧运动超过30分钟才有效
197	score=11.4	pred=[0, 0, 0, 0, 0, 0]	gold=[0, 1, 1, 0, 0, 0]	晚饭只吃水果更健康
198	score=40.0	pred=[0, 0, 1, 0, 0, 0]	gold=[0, 1, 1, 0, 0, 0]	蘑菇有重金属，不能吃
200	score=72.2	pred=[0, 0, 1, 0, 0, 0]	gold=[0, 1, 1, 0, 0, 0]	饅頭冷凍不能吃，會致癌
202	score=15.7	pred=[0, 0, 0, 0, 0, 0]	gold=[0, 1, 1, 0, 0, 0]	喝酒小酌怡情，每天喝1-2杯酒沒傷害
204	score=59.9	pred=[0, 0, 1, 0, 0, 0]	gold=[0, 1, 1, 0, 0, 0]	菠菜+豆腐=肾结石
205	score=50.7	pred=[0, 1, 0, 0, 0, 0]	gold=[0, 1, 1, 0, 0, 0]	定期輸液通血管
207	score=32.6	pred=[0, 0, 0, 0, 0, 0]	gold=[0, 1, 1, 0, 0, 0]	着凉会感冒
208	score=23.7	pred=[0, 0, 0, 0, 0, 0]	gold=[0, 1, 1, 0, 0, 0]	反季节蔬菜使用农药过多，有害健康？
209	score=14.0	pred=[0, 0, 0, 0, 0, 0]	gold=[0, 1, 1, 0, 0, 0]	饭后立即刷牙口腔才健康
210	score=55.3	pred=[0, 1, 0, 0, 0, 0]	gold=[0, 1, 1, 0, 0, 0]	屋里打伞长不高
211	score=64.8	pred=[0, 1, 0, 0, 0, 0]	gold=[0, 1, 1, 0, 0, 0]	给奶牛吃草莓就会产出草莓味牛奶！
212	score=40.7	pred=[0, 1, 0, 0, 0, 0]	gold=[0, 1, 1, 0, 0, 0]	吃辣椒容易长痘
213	score=48.7	pred=[0, 1, 0, 0, 0, 0]	gold=[0, 1, 1, 0, 0, 0]	头发会和身体抢营养
214	score=18.5	pred=[0, 0, 0, 0, 0, 0]	gold=[0, 1, 1, 0, 0, 0]	多吃益生菌對身體好
215	score=31.7	pred=[0, 0, 0, 0, 0, 0]	gold=[0, 1, 1, 0, 0, 0]	味精是化工产品，对人体健康有害
216	score=57.8	pred=[0, 1, 0, 0, 0, 0]	gold=[0, 1, 1, 0, 0, 0]	被蛇咬用嘴吸毒
217	score=80.7	pred=[0, 1, 1, 0, 0, 1]	gold=[0, 1, 1, 0, 0, 0]	手机护眼模式能护眼
218	score=22.6	pred=[0, 0, 0, 0, 0, 0]	gold=[0, 1, 1, 0, 0, 0]	中暑喝藿香正气水
219	score=34.3	pred=[0, 0, 0, 0, 0, 0]	gold=[0, 1, 1, 0, 0, 0]	睡姿决定健康？
220	score=34.2	pred=[0, 0, 0, 0, 0, 0]	gold=[0, 1, 1, 0, 0, 0]	眼药水滴到黑眼球上对眼睛有害！
221	score=24.3	pred=[0, 0, 0, 0, 0, 0]	gold=[0, 1, 1, 0, 0, 0]	止痛药有依赖性不能吃
222	score=11.7	pred=[0, 0, 0, 0, 0, 0]	gold=[0, 1, 1, 0, 0, 0]	多吃植物油利于长寿
224	score=31.6	pred=[0, 0, 0, 0, 0, 0]	gold=[0, 1, 1, 0, 0, 0]	浸出法生产的食用油是化学加工的，对人体有害
225	score=50.9	pred=[0, 0, 1, 0, 0, 0]	gold=[0, 1, 1, 0, 0, 0]	轉基因食品不安全／會改變人類基因
226	score=51.2	pred=[0, 1, 0, 0, 0, 0]	gold=[0, 1, 1, 0, 0, 0]	不运动肌肉会转成脂肪？
227	score=36.0	pred=[0, 0, 0, 0, 0, 0]	gold=[0, 1, 1, 0, 0, 0]	软食养胃
229	score=48.0	pred=[0, 1, 0, 0, 0, 0]	gold=[0, 1, 1, 0, 0, 0]	牛奶与钙片同时服用效果加倍
230	score=16.1	pred=[0, 0, 0, 0, 0, 0]	gold=[0, 1, 1, 0, 0, 0]	多吃植物油没关系
231	score=25.9	pred=[0, 0, 0, 0, 0, 0]	gold=[0, 1, 1, 0, 0, 0]	养成睡前必喝红酒的习惯，喝到微醺，能美容，觉得自己入睡更快更香。
236	score=32.3	pred=[0, 0, 0, 0, 0, 0]	gold=[0, 1, 1, 0, 0, 0]	睡的越久越好
238	score=28.1	pred=[0, 0, 0, 0, 0, 0]	gold=[0, 1, 1, 0, 0, 0]	晨起喝淡鹽水能排毒
240	score=69.8	pred=[0, 0, 1, 0, 0, 0]	gold=[0, 1, 1, 0, 0, 0]	鸡精或味精吃多了会致癌
241	score=50.8	pred=[0, 0, 1, 0, 0, 0]	gold=[0, 1, 1, 0, 0, 0]	豆腐引发肾结石？
242	score=28.5	pred=[0, 0, 0, 0, 0, 0]	gold=[0, 1, 1, 0, 0, 0]	睡硬板床对腰好
243	score=63.4	pred=[0, 1, 0, 0, 0, 0]	gold=[0, 1, 1, 0, 0, 0]	剃了头发会更黑更粗？
244	score=37.2	pred=[0, 0, 0, 0, 0, 0]	gold=[0, 1, 1, 0, 0, 0]	晚上运动会导致肌肉生长更快
246	score=25.0	pred=[0, 0, 0, 0, 0, 0]	gold=[0, 1, 1, 0, 0, 0]	趁热吃对胃好
247	score=49.3	pred=[0, 0, 1, 0, 0, 0]	gold=[0, 1, 1, 0, 0, 0]	米油养胃
248	score=70.2	pred=[0, 0, 1, 0, 0, 0]	gold=[0, 1, 1, 0, 0, 0]	吃剩饭剩菜会致癌
250	score=56.1	pred=[0, 1, 0, 0, 0, 0]	gold=[0, 1, 1, 0, 0, 0]	捂汗可以退热
252	score=22.6	pred=[0, 0, 0, 0, 0, 0]	gold=[0, 1, 1, 0, 0, 0]	清热祛火常喝凉茶
253	score=46.4	pred=[0, 1, 0, 0, 0, 0]	gold=[0, 1, 1, 0, 0, 0]	土鸡蛋比洋鸡蛋有营养，红皮比白皮好？
254	score=58.5	pred=[0, 0, 1, 0, 0, 0]	gold=[0, 1, 1, 0, 0, 0]	蜂蜜+大葱=腹泻
255	score=23.2	pred=[0, 0, 0, 0, 0, 0]	gold=[0, 1, 1, 0, 0, 0]	跷二郎腿导致高血压
256	score=29.7	pred=[0, 0, 0, 0, 0, 0]	gold=[0, 1, 1, 0, 0, 0]	空腹不能吃香蕉
257	score=18.8	pred=[0, 0, 0, 0, 0, 0]	gold=[0, 1, 1, 0, 0, 0]	6.腰不好睡硬板床，很多人观念是腰疼就要睡得越硬越好。
258	score=24.6	pred=[0, 0, 0, 0, 0, 0]	gold=[0, 1, 1, 0, 0, 0]	姨媽期吃冰會宮寒
259	score=33.4	pred=[0, 0, 0, 0, 0, 0]	gold=[0, 1, 1, 0, 0, 0]	羊肉+西瓜=伤元气
261	score=13.2	pred=[0, 0, 0, 0, 0, 0]	gold=[0, 1, 1, 0, 0, 0]	蔬菜水果生吃更有营养
262	score=65.7	pred=[0, 1, 0, 0, 0, 0]	gold=[0, 1, 1, 0, 0, 0]	世界最大的单口径射电望远镜是中国天眼
263	score=70.9	pred=[0, 1, 0, 0, 0, 0]	gold=[0, 1, 1, 0, 0, 0]	中国首颗量子科学实验卫星是墨子号
264	score=39.4	pred=[0, 0, 0, 0, 0, 0]	gold=[0, 1, 1, 0, 0, 0]	血型決定性格
265	score=66.5	pred=[0, 1, 0, 0, 0, 0]	gold=[0, 1, 1, 0, 0, 0]	吃胡萝卜能获得超级视力
266	score=56.7	pred=[1, 1, 0, 0, 0, 0]	gold=[0, 1, 1, 0, 0, 0]	素食主义很健康？
267	score=64.9	pred=[0, 1, 0, 0, 0, 0]	gold=[0, 1, 1, 0, 0, 0]	复原乳是"假牛奶"
268	score=64.5	pred=[0, 1, 0, 0, 0, 0]	gold=[0, 1, 1, 0, 0, 0]	無籽水果是用避孕藥處理的
270	score=31.2	pred=[0, 0, 0, 0, 0, 0]	gold=[0, 1, 1, 0, 0, 0]	不吃主食减肥
272	score=17.4	pred=[0, 0, 0, 0, 0, 0]	gold=[0, 1, 1, 0, 0, 0]	7.素食主义很健康？戒掉所有肉类食物，只吃素。长时间坚持素食主义，觉得这样更健康。
273	score=72.3	pred=[0, 1, 0, 0, 0, 0]	gold=[0, 1, 1, 0, 0, 0]	预制菜相当于隔夜菜？